Time (ns),GROMACS id
10,89703
10,89721
10,89734
10,89773
10,89788
10,89841
10,89846
10,89864
10,89866
10,89884
10,89929
10,89951
10,89961
10,89971
20,89736
20,89737
20,89770
20,89781
20,89785
20,89787
20,89792
20,89799
20,89872
20,89906
20,89913
20,89922
20,89961
20,89976
20,89984
30,89771
30,89784
30,89819
30,89826
30,89891
30,89895
30,89905
30,89908
30,89937
30,89979
30,89983
40,89712
40,89760
40,89768
40,89775
40,89808
40,89855
40,89863
40,89875
40,89878
40,89926
40,89942
40,89969
50,89705
50,89755
50,89778
50,89785
50,89797
50,89804
50,89826
50,89849
50,89862
50,89875
50,89881
50,89882
50,89905
50,89908
50,89927
50,89939
50,89944
60,89707
60,89712
60,89731
60,89738
60,89765
60,89774
60,89837
60,89855
60,89904
60,89911
60,89928
60,89937
60,89948
60,89949
60,89959
60,89967
60,89971
70,89702
70,89705
70,89787
70,89809
70,89822
70,89842
70,89854
70,89885
70,89887
70,89890
70,89938
70,89970
80,89702
80,89709
80,89809
80,89837
80,89841
80,89842
80,89851
80,89873
80,89889
80,89956
80,89961
80,89962
80,89983
90,89712
90,89744
90,89776
90,89782
90,89805
90,89916
90,89935
90,89942
90,89967
90,89969
90,89974
90,89977
90,89985
100,89712
100,89715
100,89717
100,89777
100,89802
100,89811
100,89812
100,89880
100,89903
100,89936
100,89965
100,89970
110,89798
110,89813
110,89855
110,89868
110,89939
110,89970
120,89715
120,89731
120,89745
120,89773
120,89833
120,89854
120,89863
120,89872
120,89908
120,89932
120,89951
120,89972
120,89976
120,89981
130,89725
130,89728
130,89791
130,89794
130,89831
130,89855
130,89928
130,89935
130,89966
140,89755
140,89759
140,89765
140,89782
140,89793
140,89824
140,89832
140,89844
140,89845
140,89853
140,89870
140,89887
140,89903
140,89905
140,89960
140,89962
140,89963
140,89970
140,89972
150,89705
150,89729
150,89830
150,89831
150,89835
150,89866
150,89869
150,89899
150,89964
150,89966
150,89982
160,89743
160,89784
160,89787
160,89803
160,89818
160,89869
160,89893
160,89899
160,89947
160,89952
160,89959
160,89961
160,89966
170,89715
170,89720
170,89741
170,89747
170,89762
170,89773
170,89799
170,89813
170,89826
170,89830
170,89850
170,89897
170,89906
170,89951
170,89961
170,89971
170,89977
170,89986
180,89707
180,89728
180,89769
180,89784
180,89840
180,89851
180,89855
180,89862
180,89863
180,89895
180,89905
180,89931
180,89934
180,89953
190,89711
190,89715
190,89743
190,89796
190,89800
190,89817
190,89838
190,89858
190,89862
190,89881
190,89902
190,89911
190,89920
190,89927
190,89928
190,89961
190,89972
200,89709
200,89711
200,89748
200,89753
200,89772
200,89783
200,89789
200,89809
200,89833
200,89837
200,89838
200,89840
200,89842
200,89852
200,89883
200,89890
200,89961
210,89728
210,89766
210,89773
210,89798
210,89807
210,89827
210,89854
210,89863
210,89874
210,89948
210,89951
210,89961
220,89720
220,89759
220,89768
220,89773
220,89779
220,89852
220,89860
220,89872
220,89906
220,89922
220,89941
220,89951
220,89961
230,89705
230,89734
230,89742
230,89750
230,89802
230,89835
230,89861
230,89871
230,89873
230,89905
230,89914
230,89961
240,89730
240,89739
240,89806
240,89895
240,89898
240,89905
240,89919
240,89932
240,89965
240,89975
250,89705
250,89708
250,89750
250,89763
250,89779
250,89781
250,89783
250,89784
250,89811
250,89829
250,89869
250,89877
250,89895
250,89898
250,89904
250,89905
250,89960
250,89961
260,89758
260,89799
260,89841
260,89878
260,89879
260,89883
260,89896
260,89904
260,89905
260,89953
270,89703
270,89709
270,89735
270,89736
270,89751
270,89756
270,89777
270,89797
270,89809
270,89822
270,89837
270,89842
270,89852
270,89865
270,89884
270,89893
270,89906
270,89929
270,89955
270,89961
280,89711
280,89773
280,89817
280,89860
280,89887
280,89906
280,89951
280,89952
280,89961
280,89966
280,89978
290,89709
290,89721
290,89726
290,89734
290,89740
290,89776
290,89803
290,89845
290,89864
290,89867
290,89875
290,89889
290,89902
290,89906
290,89917
290,89919
290,89970
300,89713
300,89745
300,89746
300,89794
300,89813
300,89818
300,89849
300,89858
300,89926
300,89936
300,89951
300,89961
300,89962
300,89982
310,89705
310,89712
310,89734
310,89739
310,89750
310,89778
310,89788
310,89799
310,89805
310,89836
310,89838
310,89895
310,89899
310,89905
310,89919
310,89968
310,89975
310,89977
320,89732
320,89773
320,89814
320,89830
320,89849
320,89880
320,89906
320,89917
320,89933
320,89951
320,89956
320,89961
330,89712
330,89748
330,89773
330,89778
330,89807
330,89823
330,89886
330,89906
330,89917
330,89951
330,89961
330,89981
340,89703
340,89754
340,89796
340,89845
340,89858
340,89867
340,89905
340,89932
340,89936
340,89941
340,89954
340,89961
340,89962
340,89972
350,89709
350,89720
350,89740
350,89796
350,89845
350,89867
350,89875
350,89880
350,89901
350,89924
350,89928
350,89984
360,89705
360,89729
360,89764
360,89808
360,89841
360,89882
360,89894
360,89895
360,89905
360,89906
360,89929
360,89949
370,89702
370,89730
370,89731
370,89755
370,89790
370,89809
370,89811
370,89842
370,89876
370,89882
370,89906
370,89908
370,89924
370,89926
370,89928
370,89933
370,89939
370,89978
380,89754
380,89755
380,89778
380,89784
380,89797
380,89835
380,89843
380,89855
380,89858
380,89872
380,89896
380,89903
380,89914
380,89927
380,89961
380,89972
390,89719
390,89805
390,89813
390,89821
390,89825
390,89830
390,89960
390,89970
400,89709
400,89809
400,89821
400,89834
400,89842
400,89855
400,89876
400,89881
400,89914
400,89927
400,89935
400,89961
400,89969
410,89705
410,89706
410,89708
410,89715
410,89783
410,89795
410,89803
410,89807
410,89827
410,89835
410,89850
410,89852
420,89773
420,89788
420,89809
420,89855
420,89864
420,89900
420,89906
420,89927
420,89951
420,89961
430,89709
430,89711
430,89791
430,89801
430,89809
430,89852
430,89855
430,89860
430,89881
430,89896
430,89930
430,89961
440,89702
440,89705
440,89709
440,89711
440,89757
440,89771
440,89809
440,89812
440,89820
440,89821
440,89822
440,89826
440,89842
440,89851
440,89853
440,89862
440,89866
440,89873
440,89881
440,89892
440,89952
440,89961
450,89716
450,89773
450,89819
450,89826
450,89853
450,89880
450,89886
450,89896
450,89936
450,89972
450,89979
460,89702
460,89703
460,89732
460,89753
460,89777
460,89799
460,89809
460,89842
460,89933
460,89939
460,89946
460,89953
470,89754
470,89775
470,89777
470,89794
470,89795
470,89809
470,89820
470,89841
470,89843
470,89858
470,89869
470,89961
470,89978
470,89981
480,89730
480,89771
480,89806
480,89809
480,89836
480,89841
480,89863
480,89868
480,89893
480,89895
480,89899
480,89902
480,89905
480,89933
480,89955
480,89981
490,89710
490,89734
490,89751
490,89753
490,89754
490,89773
490,89776
490,89787
490,89792
490,89826
490,89827
490,89909
490,89910
490,89929
490,89947
490,89951
490,89961
500,89736
500,89776
500,89777
500,89778
500,89789
500,89803
500,89828
500,89831
500,89882
500,89887
500,89895
500,89905
500,89923
500,89951
500,89974
510,89705
510,89739
510,89759
510,89777
510,89864
510,89866
510,89888
510,89905
510,89916
510,89949
520,89710
520,89716
520,89741
520,89765
520,89845
520,89901
520,89902
520,89920
520,89940
520,89955
530,89705
530,89725
530,89726
530,89739
530,89746
530,89779
530,89800
530,89859
530,89905
530,89928
530,89937
540,89768
540,89783
540,89825
540,89893
540,89894
540,89895
540,89905
540,89922
540,89923
540,89948
540,89951
540,89982
550,89714
550,89737
550,89771
550,89772
550,89773
550,89780
550,89806
550,89832
550,89835
550,89838
550,89888
550,89897
550,89901
550,89951
560,89728
560,89731
560,89802
560,89807
560,89822
560,89905
570,89705
570,89744
570,89764
570,89768
570,89797
570,89799
570,89815
570,89936
570,89953
580,89710
580,89711
580,89720
580,89728
580,89736
580,89750
580,89779
580,89790
580,89801
580,89894
580,89970
580,89971
590,89705
590,89716
590,89761
590,89781
590,89833
590,89865
590,89905
590,89909
590,89938
590,89946
600,89713
600,89736
600,89748
600,89761
600,89769
600,89773
600,89852
600,89860
600,89896
600,89899
600,89951
600,89956
600,89978
610,89705
610,89706
610,89752
610,89778
610,89853
610,89901
610,89905
610,89926
610,89933
610,89974
620,89702
620,89722
620,89732
620,89753
620,89772
620,89809
620,89821
620,89822
620,89830
620,89842
620,89863
620,89873
620,89880
620,89938
630,89738
630,89787
630,89794
630,89843
630,89847
630,89861
630,89888
630,89890
630,89921
630,89961
630,89962
630,89965
630,89969
630,89973
640,89702
640,89721
640,89732
640,89812
640,89825
640,89840
640,89895
640,89905
640,89911
640,89951
640,89969
650,89705
650,89733
650,89738
650,89757
650,89783
650,89791
650,89869
650,89905
660,89707
660,89727
660,89757
660,89763
660,89781
660,89782
660,89809
660,89888
660,89915
660,89935
660,89942
660,89948
660,89955
670,89721
670,89758
670,89778
670,89845
670,89850
670,89857
670,89859
680,89718
680,89724
680,89764
680,89772
680,89779
680,89798
680,89947
680,89949
690,89715
690,89765
690,89804
690,89828
690,89833
690,89840
690,89843
690,89884
690,89905
690,89938
690,89941
690,89976
700,89703
700,89709
700,89719
700,89761
700,89779
700,89802
700,89805
700,89825
700,89849
700,89852
700,89870
700,89892
700,89893
700,89899
700,89961
710,89709
710,89715
710,89809
710,89816
710,89834
710,89842
710,89900
710,89961
710,89963
710,89968
710,89971
720,89712
720,89740
720,89745
720,89772
720,89828
720,89855
720,89865
720,89881
720,89884
720,89891
720,89925
720,89931
720,89933
720,89963
720,89970
730,89711
730,89717
730,89802
730,89818
730,89833
730,89905
730,89909
730,89947
740,89720
740,89727
740,89737
740,89766
740,89796
740,89804
740,89809
740,89845
740,89880
740,89904
740,89918
740,89934
750,89705
750,89762
750,89766
750,89790
750,89827
750,89849
750,89856
750,89865
750,89898
750,89905
760,89705
760,89720
760,89730
760,89733
760,89743
760,89773
760,89822
760,89836
760,89851
760,89874
760,89886
760,89903
760,89907
760,89951
760,89981
770,89702
770,89705
770,89710
770,89733
770,89741
770,89782
770,89794
770,89807
770,89809
770,89831
770,89841
770,89842
770,89867
770,89869
770,89930
770,89964
770,89981
780,89719
780,89738
780,89787
780,89823
780,89825
780,89829
780,89845
780,89868
780,89892
780,89906
780,89912
780,89955
790,89707
790,89733
790,89805
790,89855
790,89871
790,89907
790,89936
790,89961
790,89962
790,89963
790,89980
790,89982
800,89702
800,89707
800,89709
800,89773
800,89781
800,89786
800,89809
800,89822
800,89842
800,89883
800,89895
800,89917
800,89923
800,89953
800,89961
800,89976
800,89979
800,89982
810,89742
810,89758
810,89761
810,89772
810,89773
810,89796
810,89833
810,89839
810,89862
810,89869
810,89879
810,89911
810,89932
810,89951
810,89961
810,89964
810,89978
820,89713
820,89725
820,89787
820,89792
820,89815
820,89832
820,89868
820,89912
820,89934
820,89935
820,89957
830,89733
830,89736
830,89746
830,89750
830,89782
830,89795
830,89825
830,89872
830,89926
830,89956
830,89961
830,89962
830,89983
840,89740
840,89877
840,89887
840,89897
840,89902
840,89906
840,89943
840,89961
840,89984
850,89772
850,89795
850,89803
850,89804
850,89805
850,89807
850,89823
850,89837
850,89855
850,89862
850,89864
850,89888
850,89892
850,89915
850,89949
850,89953
850,89962
850,89970
860,89703
860,89712
860,89722
860,89773
860,89870
860,89884
860,89913
860,89936
860,89959
860,89971
870,89709
870,89711
870,89723
870,89746
870,89772
870,89809
870,89817
870,89821
870,89824
870,89842
870,89846
870,89886
870,89925
870,89958
870,89961
880,89724
880,89773
880,89779
880,89872
880,89931
880,89932
880,89951
880,89961
880,89963
880,89972
880,89973
890,89719
890,89763
890,89785
890,89833
890,89849
890,89895
890,89905
890,89938
900,89713
900,89773
900,89803
900,89839
900,89853
900,89880
900,89947
900,89951
910,89732
910,89735
910,89740
910,89813
910,89855
910,89859
910,89876
910,89905
910,89916
910,89970
920,89730
920,89759
920,89769
920,89773
920,89827
920,89883
920,89909
920,89951
920,89967
920,89978
930,89710
930,89711
930,89714
930,89744
930,89774
930,89800
930,89803
930,89811
930,89829
930,89881
930,89916
930,89961
930,89962
930,89974
940,89705
940,89801
940,89806
940,89847
940,89874
940,89881
940,89882
940,89884
940,89899
940,89918
950,89731
950,89745
950,89785
950,89803
950,89810
950,89869
950,89894
950,89906
950,89931
950,89933
950,89940
950,89944
950,89961
950,89974
960,89715
960,89741
960,89745
960,89770
960,89773
960,89785
960,89817
960,89830
960,89850
960,89865
960,89906
960,89951
960,89961
960,89965
960,89969
970,89703
970,89705
970,89713
970,89748
970,89750
970,89834
970,89851
970,89888
970,89924
970,89952
970,89977
980,89704
980,89745
980,89766
980,89798
980,89804
980,89817
980,89822
980,89845
980,89883
980,89905
980,89983
980,89985
990,89705
990,89728
990,89746
990,89771
990,89775
990,89806
990,89810
990,89822
990,89890
990,89905
990,89913
990,89973
1000,89723
1000,89767
1000,89789
1000,89791
1000,89804
1000,89839
1000,89843
1000,89849
1000,89856
1000,89860
1000,89875
1000,89880
1000,89905
1000,89913
1000,89961
